4294967279,108
4294967278,334
4294967279,516
4294967278,333
4294967279,109
4294967279,515
4294967278,332
4294967279,514
4294967279,112
4294967279,111
4294967279,110
4294967279,513
4294967278,331
4294967279,120
4294967279,119
4294967279,118
4294967279,117
4294967279,116
4294967279,115
4294967279,114
4294967279,113
4294967278,12
4294967278,11
4294967278,10
4294967278,9
4294967278,8
4294967278,7
4294967278,6
4294967278,5
4294967278,4
4294967279,132
4294967279,131
4294967279,130
4294967279,129
4294967279,128
4294967279,127
4294967279,126
4294967279,125
4294967279,124
4294967279,123
4294967279,122
4294967279,121
4294967279,512
4294967278,149
4294967294,1031
4294967294,1032
4294967294,1
4294967294,186
4294967294,107
4294967294,392
4294967294,393
4294967294,389
4294967294,390
4294967294,115
4294967294,120
4294967294,2
4294967294,91
4294967294,90
4294967294,87
4294967294,86
4294967294,85
4294967294,469
4294967294,419
4294967294,1078
4294967294,1077
4294967294,29
4294967294,1049
4294967294,28
4294967294,45
4294967294,427
4294967294,44
4294967294,424
4294967278,330
4294967279,319
4294967278,329
4294967278,144
4294967278,143
12,5
4294967278,142
12,4
12,3
12,2
12,1
4294967279,318
4294967278,141
4294967278,15
4294967278,14
4294967278,13
4294967279,317
4294967279,316
4294967278,328
4294967278,327
4294967278,21
4294967278,20
4294967278,19
4294967278,18
4294967278,17
4294967278,16
4294967278,277
4294967294,127
4294967294,14
4294967294,126
4294967294,20
4294967294,13
4294967278,326
4294967278,23
4294967279,315
4294967278,22
4294967279,133
4294967279,271
4294967278,29
4294967278,28
4294967278,27
4294967278,26
4294967278,25
4294967278,24
4294967278,325
4294967279,269
4294967278,37
4294967278,36
4294967278,35
4294967278,34
4294967278,33
4294967278,32
4294967278,31
4294967278,30
4294967279,20
4294967279,18
4294967279,17
4294967279,16
4294967279,15
4294967279,14
4294967279,12
4294967279,11
4294967279,10
4294967279,19
4294967279,267
4294967279,279
4294967279,277
11,7
11,6
4294967279,265
4294967279,264
4294967279,263
4294967279,262
4294967279,261
4294967279,275
4294967278,324
4294967279,258
4294967279,257
4294967279,256
4294967279,255
4294967279,254
4294967279,253
4294967278,258
4294967279,314
4294967278,257
4294967279,313
4294967278,323
4294967279,312
4294967278,322
4294967279,311
4294967278,321
4294967278,320
4294967279,310
4294967278,255
4294967294,76
4294967278,319
4294967294,36
4294967294,39
4294967294,84
4294967278,318
4294967294,42
4294967279,309
11,5
4294967278,317
11,4
11,3
11,2
11,1
4294967278,253
4294967279,308
4294967278,251
4294967279,307
4294967278,248
4294967279,306
4294967278,247
4294967294,51
4294967294,52
4294967294,197
4294967294,1033
4294967294,1029
4294967294,173
4294967294,162
4294967294,161
4294967294,82
4294967278,244
4294967278,242
4294967278,240
10,7
10,0
10,6
4294967278,238
4294967278,237
4294967278,236
4294967278,234
4294967278,232
4294967278,230
4294967278,228
4294967278,226
4294967278,224
4294967278,222
4294967278,220
4294967278,218
4294967278,217
4294967278,214
4294967278,213
4294967278,212
4294967294,1046
4294967294,1044
4294967294,1037
4294967294,1074
4294967279,305
4294967294,0
4294967294,5
4294967294,387
4294967294,46
4294967294,53
4294967294,417
4294967278,316
4294967279,304
4294967278,209
10,5
10,4
4294967278,208
10,3
10,2
10,1
0,7
4294967294,96
4294967294,94
4294967278,206
4294967278,315
4294967279,303
4294967278,314
4294967294,9
4294967294,8
4294967278,313
4294967279,302
4294967278,312
4294967279,301
4294967278,311
4294967279,300
4294967279,260
4294967278,310
4294967294,1026
4294967294,185
4294967294,182
4294967294,176
4294967294,163
4294967278,201
4294967278,200
4294967278,199
4294967278,198
4294967278,197
4294967278,196
4294967278,195
4294967278,194
4294967278,193
4294967278,192
4294967278,191
4294967278,190
4294967278,189
4294967278,188
4294967278,187
4294967278,186
4294967279,299
4294967278,309
4294967278,184
4294967278,308
4294967279,298
4294967278,182
4294967279,297
4294967278,307
4294967278,260
4294967279,296
4294967278,306
4294967278,305
4294967279,295
4294967278,304
4294967278,0
4294967279,294
4294967279,0
4294967278,177
4294967278,176
4294967294,50
4294967294,180
4294967294,175
4294967294,183
4294967294,1048
4294967294,27
4294967294,168
4294967294,93
4294967294,95
4294967294,104
4294967294,166
4294967294,24
4294967294,384
4294967294,30
4294967294,1070
4294967294,1069
4294967294,1067
4294967294,1066
4294967294,1061
4294967294,1050
4294967294,436
4294967294,158
4294967294,157
4294967294,156
4294967294,155
4294967294,60
4294967294,92
4294967294,88
4294967294,12
4294967294,18
4294967294,22
4294967294,17
4294967294,99
4294967294,41
4294967294,43
4294967294,25
4294967294,26
0,5
4294967278,173
4294967294,7
4294967294,6
